{
  "asset": {
    "version": "2.0",
    "generator": "GLTFExporter"
  },
  "scenes": [
    {
      "name": "AuxScene",
      "nodes": [
        34
      ]
    }
  ],
  "scene": 0,
  "nodes": [
    {
      "name": "Cube",
      "extras": {
        "transformData": {
          "eulerOrder": "ZYX",
          "parentMatrixWorld": {
            "elements": [
              1,
              0,
              0,
              0,
              0,
              1,
              0,
              0,
              0,
              0,
              1,
              0,
              0,
              -0.8491814872249961,
              -0.004300996661186218,
              1
            ]
          }
        }
      },
      "mesh": 0,
      "skin": 0
    },
    {
      "rotation": [
        -3.8317833889802985e-10,
        -2.602085160339142e-18,
        -5.551115054200639e-17,
        1
      ],
      "translation": [
        -2.0523410054762437e-10,
        0.05332850281580423,
        1.828697263062118e-11
      ],
      "name": "mixamorigLeftToe_End",
      "extras": {
        "transformData": {
          "eulerOrder": "ZYX",
          "translation": [
            -2.0523410054762437e-10,
            0.05332850281580423,
            1.828697263062118e-11
          ],
          "preRotation": [
            -4.390900323938131e-8,
            -2.981769976795491e-16,
            -6.361109283830381e-15
          ],
          "parentMatrixWorld": {
            "elements": [
              0.9993220762882077,
              -0.0361789572764958,
              0.006816957500106985,
              0,
              0.03064999574926042,
              0.9201547655667464,
              0.3903534130338416,
              0,
              -0.020395235221568095,
              -0.38987984348640553,
              0.9206398557055365,
              0,
              9.23415073572631e-10,
              0.15375259495952628,
              -1.3952830626995372e-9,
              1
            ]
          }
        }
      }
    },
    {
      "rotation": [
        0.19907753201700387,
        -0.006943226429443501,
        -0.017051494440243193,
        0.9798107910710948
      ],
      "translation": [
        9.23415073572631e-10,
        0.15375259495952628,
        -1.3952830626995372e-9
      ],
      "name": "mixamorigLeftToeBase",
      "extras": {
        "transformData": {
          "eulerOrder": "ZYX",
          "translation": [
            9.23415073572631e-10,
            0.15375259495952628,
            -1.3952830626995372e-9
          ],
          "preRotation": [
            21.943536606524383,
            6.595556269638851e-7,
            -1.7954874420986622
          ],
          "parentMatrixWorld": {
            "elements": [
              0.8884571549843437,
              -0.1341668862748565,
              0.4389112959338889,
              0,
              -0.3618407711245516,
              0.3835367522140858,
              0.8496886430655557,
              0,
              -0.28233868920685673,
              -0.9137279575617161,
              0.2922089225396183,
              0,
              4.746215781503693e-10,
              0.4642120527084454,
              3.080228121177253e-10,
              1
            ]
          }
        }
      },
      "children": [
        1
      ]
    },
    {
      "rotation": [
        0.5506159006582174,
        -0.22520583623105983,
        0.0710897590043541,
        0.800656409721935
      ],
      "translation": [
        4.746215781503693e-10,
        0.4642120527084454,
        3.080228121177253e-10
      ],
      "scale": [
        0.9999999999999999,
        1,
        1
      ],
      "name": "mixamorigLeftFoot",
      "extras": {
        "transformData": {
          "eulerOrder": "ZYX",
          "translation": [
            4.746215781503693e-10,
            0.4642120527084454,
            3.080228121177253e-10
          ],
          "preRotation": [
            65.87163635315768,
            -25.59904709911899,
            1.5809268724743734e-7
          ],
          "parentMatrixWorld": {
            "elements": [
              0.9923632948540441,
              0.10701538662732342,
              -0.06134164894766745,
              0,
              -0.10831015599619505,
              0.5180133617379148,
              -0.848487511596437,
              0,
              -0.05902542654394185,
              0.8486517862186107,
              0.5256482998080487,
              0,
              4.326846311797361e-10,
              0.42366928058275,
              -4.783378554362727e-10,
              1
            ]
          }
        }
      },
      "children": [
        2
      ]
    },
    {
      "rotation": [
        -0.48700657934674774,
        0.0006646570209628351,
        0.061789245051404214,
        0.871209635448625
      ],
      "translation": [
        4.326846311797361e-10,
        0.42366928058275,
        -4.783378554362727e-10
      ],
      "name": "mixamorigLeftLeg",
      "extras": {
        "transformData": {
          "eulerOrder": "ZYX",
          "translation": [
            4.326846311797361e-10,
            0.42366928058275,
            -4.783378554362727e-10
          ],
          "preRotation": [
            7.840488337622327,
            4.720344915686118e-9,
            -2.0392689253796896
          ],
          "parentMatrixWorld": {
            "elements": [
              -0.9999653947353011,
              0.008031862272611505,
              -0.0021635821862541725,
              0,
              -0.008170148772190222,
              -0.8995160162403022,
              0.4368113650528562,
              0,
              0.0015622318916073364,
              0.43681392967570665,
              0.8995505263170209,
              0,
              0.07563980668783188,
              -0.03905230760574341,
              0.01436016708612442,
              1
            ]
          }
        }
      },
      "children": [
        3
      ]
    },
    {
      "rotation": [
        -0.00015426274680882817,
        0.22410870809608113,
        0.974555275150238,
        0.004156257592034484
      ],
      "translation": [
        0.07563980668783188,
        -0.03905230760574341,
        0.01436016708612442
      ],
      "name": "mixamorigLeftUpLeg",
      "extras": {
        "transformData": {
          "eulerOrder": "ZYX",
          "translation": [
            0.07563980668783188,
            -0.03905230760574341,
            0.01436016708612442
          ],
          "preRotation": [
            -4.6762121174262266,
            -0.1512020655423992,
            178.15213914273528
          ],
          "parentMatrixWorld": {
            "elements": [
              0.9879829193419447,
              -0.03314811375931156,
              -0.15096673146983366,
              0,
              0.033668401089687154,
              0.9994326615967143,
              0.0008909091654851586,
              0,
              0.1508515502888488,
              -0.005963011426865854,
              0.988538442662238,
              0,
              0.0001279198952166932,
              0.9885061266558892,
              -0.016609257525314995,
              1
            ]
          }
        }
      },
      "children": [
        4
      ]
    },
    {
      "rotation": [
        1.2338170045264885e-9,
        8.93382534588628e-17,
        -1.102270562722423e-25,
        1
      ],
      "translation": [
        5.609370259951341e-10,
        0.05233355289204937,
        5.188702245639831e-11
      ],
      "name": "mixamorigRightToe_End",
      "extras": {
        "transformData": {
          "eulerOrder": "ZYX",
          "translation": [
            5.609370259951341e-10,
            0.05233355289204937,
            5.188702245639831e-11
          ],
          "preRotation": [
            1.4138501410168275e-7,
            1.0237409744525735e-14,
            0
          ],
          "parentMatrixWorld": {
            "elements": [
              0.9991356291922051,
              0.038131725718719076,
              -0.016551917593879674,
              0,
              -0.02778521132776182,
              0.9087695939137755,
              0.4163721983897891,
              0,
              0.030918869866051406,
              -0.41555239988981735,
              0.9090435780607843,
              0,
              2.6982674775077875e-9,
              0.15259512826228547,
              -3.2531892596443512e-9,
              1
            ]
          }
        }
      }
    },
    {
      "rotation": [
        0.21290987366585729,
        0.012148936792845937,
        0.016869758110325307,
        0.9768506551101015
      ],
      "translation": [
        2.6982674775077875e-9,
        0.15259512826228547,
        -3.2531892596443512e-9
      ],
      "scale": [
        1,
        0.9999999999999999,
        1
      ],
      "name": "mixamorigRightToeBase",
      "extras": {
        "transformData": {
          "eulerOrder": "ZYX",
          "translation": [
            2.6982674775077875e-9,
            0.15259512826228547,
            -3.2531892596443512e-9
          ],
          "preRotation": [
            22.13675987137118,
            5.323390711999623e-7,
            1.503232552797245
          ],
          "parentMatrixWorld": {
            "elements": [
              0.8752662768833347,
              0.05031918521462861,
              -0.48101655328138593,
              0,
              0.4525282520636418,
              0.2657570570883664,
              0.8512293286372654,
              0,
              0.1706667103321368,
              -0.9627259051502459,
              0.2098373368777824,
              0,
              -1.8680960493788756e-9,
              0.4641415158217014,
              6.880689802646334e-10,
              1
            ]
          }
        }
      },
      "children": [
        6
      ]
    },
    {
      "rotation": [
        0.5915386468602846,
        0.21251673071034272,
        -0.13116211620174606,
        0.7666258339228803
      ],
      "translation": [
        -1.8680960493788756e-9,
        0.4641415158217014,
        6.880689802646334e-10
      ],
      "name": "mixamorigRightFoot",
      "extras": {
        "transformData": {
          "eulerOrder": "ZYX",
          "translation": [
            -1.8680960493788756e-9,
            0.4641415158217014,
            6.880689802646334e-10
          ],
          "preRotation": [
            65.8530788416622,
            25.809096008303605,
            -5.93775033141912e-8
          ],
          "parentMatrixWorld": {
            "elements": [
              0.9995337662672062,
              0.0014710523375574994,
              0.03049731278205823,
              0,
              0.00239139100347529,
              0.991998610969117,
              -0.12622613404697156,
              0,
              -0.030438977167030815,
              0.12624021416488374,
              0.9915325898924754,
              0,
              5.945158879083756e-10,
              0.42371849118956373,
              9.418833907259838e-10,
              1
            ]
          }
        }
      },
      "children": [
        7
      ]
    },
    {
      "rotation": [
        -0.06325062332818118,
        -0.015266424020013911,
        -0.00023057328117044254,
        0.9978808702876825
      ],
      "translation": [
        5.945158879083756e-10,
        0.42371849118956373,
        9.418833907259838e-10
      ],
      "scale": [
        0.9999999999999999,
        0.9999999999999999,
        1
      ],
      "name": "mixamorigRightLeg",
      "extras": {
        "transformData": {
          "eulerOrder": "ZYX",
          "translation": [
            5.945158879083756e-10,
            0.42371849118956373,
            9.418833907259838e-10
          ],
          "preRotation": [
            7.759531488602404,
            -2.4260875384965143e-8,
            2.0393227419610565
          ],
          "parentMatrixWorld": {
            "elements": [
              -0.9698549855631151,
              -0.1269838074885822,
              -0.20798194511112517,
              0,
              0.12347409415020914,
              -0.9918995136737234,
              0.029825718897507434,
              0,
              -0.2100845661401372,
              0.0032462393119637896,
              0.977677829242277,
              0,
              -0.07563980668783188,
              -0.03905230760574341,
              0.014560848474502563,
              1
            ]
          }
        }
      },
      "children": [
        8
      ]
    },
    {
      "rotation": [
        0.10531702007312403,
        -0.008331306126816401,
        -0.9924001622933054,
        0.06309397941351004
      ],
      "translation": [
        -0.07563980668783188,
        -0.03905230760574341,
        0.014560848474502563
      ],
      "name": "mixamorigRightUpLeg",
      "extras": {
        "transformData": {
          "eulerOrder": "ZYX",
          "translation": [
            -0.07563980668783188,
            -0.03905230760574341,
            0.014560848474502563
          ],
          "preRotation": [
            -4.756865934187167,
            0.15378612852184897,
            -178.15256839432405
          ],
          "parentMatrixWorld": {
            "elements": [
              0.9879829193419447,
              -0.03314811375931156,
              -0.15096673146983366,
              0,
              0.033668401089687154,
              0.9994326615967143,
              0.0008909091654851586,
              0,
              0.1508515502888488,
              -0.005963011426865854,
              0.988538442662238,
              0,
              0.0001279198952166932,
              0.9885061266558892,
              -0.016609257525314995,
              1
            ]
          }
        }
      },
      "children": [
        9
      ]
    },
    {
      "rotation": [
        0,
        0,
        -2.775557561562892e-17,
        1
      ],
      "translation": [
        -0.0011303000110367556,
        0.0029682215750574947,
        -0.00526209362701785
      ],
      "name": "mixamorigRightHandIndex4",
      "extras": {
        "transformData": {
          "eulerOrder": "ZYX",
          "translation": [
            -0.0011303000110367556,
            0.0029682215750574947,
            -0.00526209362701785
          ],
          "preRotation": [
            0,
            0,
            -3.1805546814635176e-15
          ],
          "parentMatrixWorld": {
            "elements": [
              0.8036018066360898,
              -0.5560296134711287,
              0.21226210972164103,
              0,
              0.2596022124590722,
              0.648395880230735,
              0.7156741367710218,
              0,
              -0.5355658928336358,
              -0.5200133149254349,
              0.6653986197546296,
              0,
              0.001538277290006107,
              0.007332264886293904,
              -0.0033813399143203804,
              1
            ]
          }
        }
      }
    },
    {
      "rotation": [
        0.3499311741795539,
        -0.21177550250206917,
        -0.23097669410992783,
        0.8828074939262275
      ],
      "translation": [
        0.001538277290006107,
        0.007332264886293904,
        -0.0033813399143203804
      ],
      "name": "mixamorigRightHandIndex3",
      "extras": {
        "transformData": {
          "eulerOrder": "ZYX",
          "translation": [
            0.001538277290006107,
            0.007332264886293904,
            -0.0033813399143203804
          ],
          "preRotation": [
            0,
            0,
            -3.1805546814635176e-15
          ],
          "parentMatrixWorld": {
            "elements": [
              0.9750869484805597,
              -0.21942023999753174,
              0.032560724065247695,
              0,
              0.1503057084881254,
              0.7615079139030279,
              0.6304870236066779,
              0,
              -0.16313686422176416,
              -0.6098856050276563,
              0.7755165429773605,
              0,
              -4.795364105802946e-10,
              0.01411520977912839,
              -7.065280582807532e-10,
              1
            ]
          }
        }
      },
      "children": [
        11
      ]
    },
    {
      "rotation": [
        0.3309314474329129,
        -0.052212121306042844,
        -0.09864289203203262,
        0.9370313989922225
      ],
      "translation": [
        -4.795364105802946e-10,
        0.01411520977912839,
        -7.065280582807532e-10
      ],
      "name": "mixamorigRightHandIndex2",
      "extras": {
        "transformData": {
          "eulerOrder": "ZYX",
          "translation": [
            -4.795364105802946e-10,
            0.01411520977912839,
            -7.065280582807532e-10
          ],
          "preRotation": [
            3.1805546544876032e-15,
            0,
            3.1805548715866674e-15
          ],
          "parentMatrixWorld": {
            "elements": [
              0.48358354180728635,
              -0.17956631591457484,
              0.8566813302182813,
              0,
              0.030554215356857355,
              0.9815973538226318,
              0.18850218852805636,
              0,
              -0.8747647702551946,
              -0.06498133074050769,
              0.48017083280112166,
              0,
              2.545190863623148e-10,
              0.0866216258562459,
              4.0907499609943443e-10,
              1
            ]
          }
        }
      },
      "children": [
        12
      ]
    },
    {
      "rotation": [
        0.07385011033088004,
        -0.504441022126032,
        -0.06121669946020352,
        0.8581013560198139
      ],
      "translation": [
        2.545190863623148e-10,
        0.0866216258562459,
        4.0907499609943443e-10
      ],
      "scale": [
        1,
        0.9999999999999999,
        0.9999999999999999
      ],
      "name": "mixamorigRightHandIndex1",
      "extras": {
        "transformData": {
          "eulerOrder": "ZYX",
          "translation": [
            2.545190863623148e-10,
            0.0866216258562459,
            4.0907499609943443e-10
          ],
          "preRotation": [
            42.474705166012,
            -61.793378259199635,
            -0.0000029239421111931164
          ],
          "parentMatrixWorld": {
            "elements": [
              0.8889284651101101,
              -0.12141368103134816,
              0.44166152136251086,
              0,
              0.08511989102765563,
              0.9912212155081584,
              0.10116870009318905,
              0,
              -0.45006753442707864,
              -0.052337556166902305,
              0.8914594731133594,
              0,
              -1.8836646131781265e-10,
              0.1764657071341181,
              -3.10186676344415e-9,
              1
            ]
          }
        }
      },
      "children": [
        13
      ]
    },
    {
      "rotation": [
        0.03952143876616922,
        -0.22958292471604297,
        -0.0531737540876385,
        0.9710315530788216
      ],
      "translation": [
        -1.8836646131781265e-10,
        0.1764657071341181,
        -3.10186676344415e-9
      ],
      "scale": [
        1,
        0.9999999999999999,
        1
      ],
      "name": "mixamorigRightHand",
      "extras": {
        "transformData": {
          "eulerOrder": "ZYX",
          "translation": [
            -1.8836646131781265e-10,
            0.1764657071341181,
            -3.10186676344415e-9
          ],
          "preRotation": [
            -3.7031189564092193,
            1.2150320317414745e-7,
            -0.7504726358071484
          ],
          "parentMatrixWorld": {
            "elements": [
              0.8364744832385038,
              -0.5479005777512207,
              0.010741962830362058,
              0,
              0.5479918832830275,
              0.8361523776736488,
              -0.023539140371908608,
              0,
              0.003915191118077451,
              0.025576398757569938,
              0.9996652035020358,
              0,
              2.1784643533528936e-11,
              0.2304900697132801,
              -1.399631299747739e-9,
              1
            ]
          }
        }
      },
      "children": [
        14
      ]
    },
    {
      "rotation": [
        -0.012815050359042365,
        -0.001781216796826433,
        -0.2859363314576705,
        0.9581612587035675
      ],
      "translation": [
        2.1784643533528936e-11,
        0.2304900697132801,
        -1.399631299747739e-9
      ],
      "name": "mixamorigRightForeArm",
      "extras": {
        "transformData": {
          "eulerOrder": "ZYX",
          "translation": [
            2.1784643533528936e-11,
            0.2304900697132801,
            -1.399631299747739e-9
          ],
          "preRotation": [
            3.5030071868043415,
            7.648205064746791e-8,
            -6.958204270386551
          ],
          "parentMatrixWorld": {
            "elements": [
              0.9608038995141259,
              0.12837848626738477,
              0.24571290111185543,
              0,
              -0.27008781447012387,
              0.6333382220488465,
              0.7252139394882823,
              0,
              -0.06251750142049417,
              -0.7631524420566685,
              0.6431872989683999,
              0,
              1.151366363361106e-10,
              0.07655438265736403,
              3.07178926739482e-9,
              1
            ]
          }
        }
      },
      "children": [
        15
      ]
    },
    {
      "rotation": [
        0.4136056027476174,
        -0.08565486496154302,
        0.11073072902928452,
        0.8996290014313189
      ],
      "translation": [
        1.151366363361106e-10,
        0.07655438265736403,
        3.07178926739482e-9
      ],
      "scale": [
        0.9999999999999999,
        0.9999999999999999,
        0.9999999999999999
      ],
      "name": "mixamorigRightArm",
      "extras": {
        "transformData": {
          "eulerOrder": "ZYX",
          "translation": [
            1.151366363361106e-10,
            0.07655438265736403,
            3.07178926739482e-9
          ],
          "preRotation": [
            -5.935653745173929,
            8.068270096549499e-9,
            3.2030648413889957
          ],
          "parentMatrixWorld": {
            "elements": [
              0.11459648355007235,
              0.014956014766221437,
              0.9932995163427216,
              0,
              -0.8693055566974214,
              -0.4824309871914476,
              0.10755526055851239,
              0,
              0.480807092958661,
              -0.8758062585989757,
              -0.042283522184855205,
              0,
              -0.0335724838078022,
              0.08702270098040632,
              0.0005963543260954218,
              1
            ]
          }
        }
      },
      "children": [
        16
      ]
    },
    {
      "rotation": [
        0.6401779035796173,
        -0.3336375471388582,
        0.5756628747488672,
        0.38401884603440933
      ],
      "translation": [
        -0.0335724838078022,
        0.08702270098040632,
        0.0005963543260954218
      ],
      "name": "mixamorigRightShoulder",
      "extras": {
        "transformData": {
          "eulerOrder": "ZYX",
          "translation": [
            -0.0335724838078022,
            0.08702270098040632,
            0.0005963543260954218
          ],
          "preRotation": [
            118.45317177456336,
            -88.98553591068709,
            -0.0694217019982018
          ],
          "parentMatrixWorld": {
            "elements": [
              0.9996770543178016,
              -0.0013956607266242612,
              0.025373986553185374,
              0,
              0.0027947931750708275,
              0.9984720198430828,
              -0.055188900003958236,
              0,
              -0.02525819062351163,
              0.05524199203209894,
              0.9981534681986066,
              0,
              0,
              0.09354163489181766,
              2.203121990396184e-10,
              1
            ]
          }
        }
      },
      "children": [
        17
      ]
    },
    {
      "translation": [
        0,
        0.18743467330932617,
        0.022091271355748177
      ],
      "name": "mixamorigHeadTop_End",
      "extras": {
        "transformData": {
          "eulerOrder": "ZYX",
          "translation": [
            0,
            0.18743467330932617,
            0.022091271355748177
          ],
          "parentMatrixWorld": {
            "elements": [
              0.9972321673487493,
              0.014321102024126122,
              0.07295827976354456,
              0,
              -0.013597014082832459,
              0.9998533477810252,
              -0.010411731208326962,
              0,
              -0.07309668773119833,
              0.009390898547943354,
              0.9972806452593909,
              0,
              0,
              0.09313130378723145,
              0.010976564139127731,
              1
            ]
          }
        }
      }
    },
    {
      "rotation": [
        -0.004954147462812315,
        -0.036539482662200536,
        0.006984449327190687,
        0.9992955349490636
      ],
      "translation": [
        0,
        0.09313130378723145,
        0.010976564139127731
      ],
      "name": "mixamorigHead",
      "extras": {
        "transformData": {
          "eulerOrder": "ZYX",
          "translation": [
            0,
            0.09313130378723145,
            0.010976564139127731
          ],
          "parentMatrixWorld": {
            "elements": [
              0.9996604655085443,
              -0.011133215721166531,
              0.023558548394058493,
              0,
              0.013104764432726006,
              0.9962725676103535,
              -0.08525981542737858,
              0,
              -0.02252151957333219,
              0.08553959600824564,
              0.996080196881141,
              0,
              0,
              0.10523432483977424,
              2.831583856277575e-10,
              1
            ]
          }
        }
      },
      "children": [
        19
      ]
    },
    {
      "rotation": [
        -0.04274254618366145,
        -0.011531535247618852,
        -0.006065553607114719,
        0.9990011515792263
      ],
      "translation": [
        0,
        0.10523432483977424,
        2.831583856277575e-10
      ],
      "name": "mixamorigNeck",
      "extras": {
        "transformData": {
          "eulerOrder": "ZYX",
          "translation": [
            0,
            0.10523432483977424,
            2.831583856277575e-10
          ],
          "preRotation": [
            -1.92560240208123,
            0,
            0
          ],
          "parentMatrixWorld": {
            "elements": [
              0.9996770543178016,
              -0.0013956607266242612,
              0.025373986553185374,
              0,
              0.0027947931750708275,
              0.9984720198430828,
              -0.055188900003958236,
              0,
              -0.02525819062351163,
              0.05524199203209894,
              0.9981534681986066,
              0,
              0,
              0.09354163489181766,
              2.203121990396184e-10,
              1
            ]
          }
        }
      },
      "children": [
        20
      ]
    },
    {
      "rotation": [
        -2.7755575615628914e-17,
        6.938893903907228e-18,
        -2.6020852139652106e-17,
        1
      ],
      "translation": [
        0.0003830751295152979,
        0.003631629544888257,
        -0.004871197098661545
      ],
      "name": "mixamorigLeftHandIndex4",
      "extras": {
        "transformData": {
          "eulerOrder": "ZYX",
          "translation": [
            0.0003830751295152979,
            0.003631629544888257,
            -0.004871197098661545
          ],
          "preRotation": [
            -3.1805546814635168e-15,
            7.951386703658792e-16,
            -2.9817700138720468e-15
          ],
          "parentMatrixWorld": {
            "elements": [
              0.8220388565562909,
              0.5585351211695309,
              -0.11086313635578268,
              0,
              -0.1394647530230491,
              0.386241951921768,
              0.9117931406171197,
              0,
              0.5520884886018936,
              -0.7340678899341314,
              0.39540185614950873,
              0,
              -0.008984063183072433,
              0.019535594708480944,
              0.0045709131897429395,
              1
            ]
          }
        }
      }
    },
    {
      "rotation": [
        0.5099987863919418,
        0.205427139891476,
        0.2162874520582793,
        0.8067965426913691
      ],
      "translation": [
        -0.008984063183072433,
        0.019535594708480944,
        0.0045709131897429395
      ],
      "name": "mixamorigLeftHandIndex3",
      "extras": {
        "transformData": {
          "eulerOrder": "ZYX",
          "translation": [
            -0.008984063183072433,
            0.019535594708480944,
            0.0045709131897429395
          ],
          "preRotation": [
            -3.1805546814635168e-15,
            7.951386703658792e-16,
            -2.9817700138720468e-15
          ],
          "parentMatrixWorld": {
            "elements": [
              0.9909303145623385,
              -0.13096462892952707,
              0.030089492727455182,
              0,
              0.13401812711119934,
              0.9795393103528197,
              -0.15013953810655045,
              0,
              -0.009810871971986705,
              0.15281035719673314,
              0.9882068312974522,
              0,
              -3.889633060083497e-10,
              0.013825253460740296,
              -9.181401472435624e-11,
              1
            ]
          }
        }
      },
      "children": [
        22
      ]
    },
    {
      "rotation": [
        -0.07613174914591583,
        -0.010027019659760683,
        -0.06659055184914382,
        0.9948211446010617
      ],
      "translation": [
        -3.889633060083497e-10,
        0.013825253460740296,
        -9.181401472435624e-11
      ],
      "name": "mixamorigLeftHandIndex2",
      "extras": {
        "transformData": {
          "eulerOrder": "ZYX",
          "translation": [
            -3.889633060083497e-10,
            0.013825253460740296,
            -9.181401472435624e-11
          ],
          "preRotation": [
            -3.180554708510129e-15,
            -3.975693321842581e-16,
            3.180554657474065e-15
          ],
          "parentMatrixWorld": {
            "elements": [
              0.08619479333770363,
              -0.024397001033356996,
              -0.995979531098995,
              0,
              0.0698522897033971,
              0.9973878893653005,
              -0.018386291643197012,
              0,
              0.9938264927293838,
              -0.06798664896709053,
              0.08767382942478619,
              0,
              -1.7224416337668913e-12,
              0.0802187524396522,
              2.355518002872259e-10,
              1
            ]
          }
        }
      },
      "children": [
        23
      ]
    },
    {
      "rotation": [
        0.016830586350576868,
        0.6751887266910658,
        -0.03198103626284614,
        0.7367591997499461
      ],
      "translation": [
        -1.7224416337668913e-12,
        0.0802187524396522,
        2.355518002872259e-10
      ],
      "name": "mixamorigLeftHandIndex1",
      "extras": {
        "transformData": {
          "eulerOrder": "ZYX",
          "translation": [
            -1.7224416337668913e-12,
            0.0802187524396522,
            2.355518002872259e-10
          ],
          "preRotation": [
            30.251554638038023,
            83.7104849902861,
            -0.000006287990167715024
          ],
          "parentMatrixWorld": {
            "elements": [
              0.8872659661117354,
              0.26925620454381927,
              -0.3745132835244043,
              0,
              -0.23867431035815737,
              0.9627920903934127,
              0.12675158199649503,
              0,
              0.394707077206163,
              -0.023075664198743906,
              0.9185171938321072,
              0,
              -4.511254841910173e-10,
              0.17650799609611767,
              1.1626202223169457e-9,
              1
            ]
          }
        }
      },
      "children": [
        24
      ]
    },
    {
      "rotation": [
        0.03858977159240349,
        0.19812176208683518,
        0.1308234853982255,
        0.9706409238292362
      ],
      "translation": [
        -4.511254841910173e-10,
        0.17650799609611767,
        1.1626202223169457e-9
      ],
      "scale": [
        0.9999999999999999,
        0.9999999999999999,
        1
      ],
      "name": "mixamorigLeftHand",
      "extras": {
        "transformData": {
          "eulerOrder": "ZYX",
          "translation": [
            -4.511254841910173e-10,
            0.17650799609611767,
            1.1626202223169457e-9
          ],
          "preRotation": [
            -3.520855689523845,
            3.315033709595132e-8,
            2.3198882268561793
          ],
          "parentMatrixWorld": {
            "elements": [
              0.8368621426721166,
              0.5473037150385033,
              -0.010972570521380261,
              0,
              -0.5473999720253634,
              0.8365311037472636,
              -0.023853358795743716,
              0,
              -0.0038761353724020143,
              0.025968357750538656,
              0.9996552505586848,
              0,
              -4.931978714317609e-10,
              0.2305134093246538,
              1.8182775285424668e-9,
              1
            ]
          }
        }
      },
      "children": [
        25
      ]
    },
    {
      "rotation": [
        -0.012997964900015535,
        0.0018513857284698182,
        0.2855967454906062,
        0.9582599454900596
      ],
      "translation": [
        -4.931978714317609e-10,
        0.2305134093246538,
        1.8182775285424668e-9
      ],
      "scale": [
        0.9999999999999999,
        0.9999999999999999,
        1
      ],
      "name": "mixamorigLeftForeArm",
      "extras": {
        "transformData": {
          "eulerOrder": "ZYX",
          "translation": [
            -4.931978714317609e-10,
            0.2305134093246538,
            1.8182775285424668e-9
          ],
          "preRotation": [
            3.4839348436398017,
            3.2594670150530023e-7,
            7.270680545180514
          ],
          "parentMatrixWorld": {
            "elements": [
              0.994332272296992,
              -0.10626919533902689,
              0.003192276337408269,
              0,
              0.058268991158011776,
              0.569830479899272,
              0.819693825080042,
              0,
              -0.0889272577764893,
              -0.8148620130592165,
              0.5727930345250722,
              0,
              -1.198376675670687e-10,
              0.07655438265736403,
              3.071608967175621e-9,
              1
            ]
          }
        }
      },
      "children": [
        26
      ]
    },
    {
      "rotation": [
        0.46144034226339803,
        -0.02600563918272222,
        -0.04644965642716932,
        0.885572677781945
      ],
      "translation": [
        -1.198376675670687e-10,
        0.07655438265736403,
        3.071608967175621e-9
      ],
      "name": "mixamorigLeftArm",
      "extras": {
        "transformData": {
          "eulerOrder": "ZYX",
          "translation": [
            -1.198376675670687e-10,
            0.07655438265736403,
            3.071608967175621e-9
          ],
          "preRotation": [
            -5.927547833943749,
            7.546916304842073e-8,
            -3.363190681971765
          ],
          "parentMatrixWorld": {
            "elements": [
              0.37177557425327934,
              0.13591997892224655,
              -0.918318404324346,
              0,
              0.8711902845265664,
              -0.3927589532535525,
              0.2945639403606052,
              0,
              -0.32064064080767635,
              -0.9095417451354401,
              -0.2644303565218733,
              0,
              0.0335724838078022,
              0.08702377123835858,
              0.0006281875717850521,
              1
            ]
          }
        }
      },
      "children": [
        27
      ]
    },
    {
      "rotation": [
        0.7122086920328734,
        0.35351655866983145,
        -0.43490028238620393,
        0.4226660313773829
      ],
      "translation": [
        0.0335724838078022,
        0.08702377123835858,
        0.0006281875717850521
      ],
      "name": "mixamorigLeftShoulder",
      "extras": {
        "transformData": {
          "eulerOrder": "ZYX",
          "translation": [
            0.0335724838078022,
            0.08702377123835858,
            0.0006281875717850521
          ],
          "preRotation": [
            118.45055423583214,
            88.93135824228673,
            0.06862395615321891
          ],
          "parentMatrixWorld": {
            "elements": [
              0.9996770543178016,
              -0.0013956607266242612,
              0.025373986553185374,
              0,
              0.0027947931750708275,
              0.9984720198430828,
              -0.055188900003958236,
              0,
              -0.02525819062351163,
              0.05524199203209894,
              0.9981534681986066,
              0,
              0,
              0.09354163489181766,
              2.203121990396184e-10,
              1
            ]
          }
        }
      },
      "children": [
        28
      ]
    },
    {
      "rotation": [
        -0.027620491831755155,
        -0.012663898754673783,
        -0.0010480980061749773,
        0.9995377047295667
      ],
      "translation": [
        0,
        0.09354163489181766,
        2.203121990396184e-10
      ],
      "name": "mixamorigSpine2",
      "extras": {
        "transformData": {
          "eulerOrder": "ZYX",
          "translation": [
            0,
            0.09354163489181766,
            2.203121990396184e-10
          ],
          "parentMatrixWorld": {
            "elements": [
              0.9996596350615642,
              0.0066028726379262995,
              0.025239178172095096,
              0,
              -0.007205905886332645,
              0.9996889347608157,
              0.023876948073268293,
              0,
              -0.025073670697222494,
              -0.024050692336470444,
              0.9993962553759579,
              0,
              0,
              0.08184895031455652,
              -6.462830270947961e-12,
              1
            ]
          }
        }
      },
      "children": [
        18,
        21,
        29
      ]
    },
    {
      "rotation": [
        0.01198379035187323,
        -0.012580186040889861,
        0.0034527363633062,
        0.9998431006064578
      ],
      "translation": [
        0,
        0.08184895031455652,
        -6.462830270947961e-12
      ],
      "name": "mixamorigSpine1",
      "extras": {
        "transformData": {
          "eulerOrder": "ZYX",
          "translation": [
            0,
            0.08184895031455652,
            -6.462830270947961e-12
          ],
          "preRotation": [
